Accuracy: 0.7914065369078223
Precision: 0.9953161592505855
